71 03 FE 03 00 
71 03 FE 03 00 
71 03 FE 03 00 
71 03 FE 03 00 
71 03 FE 03 00 
71 03 FE 03 00 71 03 FE 03
00 71 03 FE 03 00 71 03 FE 03 00 71 03 FE 03 00
71 03 FE 03 00 71 03 FE 03 00 71 03 FE 03 00 71
03 FE 03 00 71 03 FE 03 00 71 03 FE 03 00 71 03
FE 03 00 71 03 FE 03 00 71 03 FE 03 00 71 03 FE
03 00 71 03 FE 03 00 71 03 FE 03 00 71 03 FE 03
00 71 03 FE 03 00 71 03 FE 03 00 71 03 FE 03 00
71 03 FE 03 00 71 03 FE 03 00 71 03 FE 03 00 71
03 FE 03 00 71 03 FE 03 00 71 03 FE 03 00 71 03
FE 03 00 71 03 FE 03 00 71 03 FE 03 00 71 03 FE
03 00 71 03 FE 03 00 71 03 FE 03 00 71 03 FE 03
00 71 03 FE 03 00 71 03 FE 03 00 71 03 FE 03 00
71 03 FE 03 00 71 03 FE 03 00 71 03 FE 03 00 71
03 FE 03 00 71 03 FE 03 00 71 03 FE 03 00 71 03
FE 03 00 71 03 FE 03 00 71 03 FE 03 00 71 03 FE
03 00 71 03 FE 03 00 71 03 FE 03 00 71 03 FE 03
00 71 03 FE 03 00 71 03 FE 03 00 71 03 FE 03 00
71 03 FE 03 00 71 03 FE 03 00 71 03 FE 03 00 71
03 FE 03 00 71 03 FE 03 00 71 03 FE 03 00 71 03
FE 03 00 71 03 FE 03 00 71 03 FE 03 00 71 03 FE
03 00 71 03 FE 03 00 71 03 FE 03 00 71 03 FE 03
00 71 03 FE 03 00 71 03 FE 03 00 71 03 FE 03 00
71 03 FE 03 00 71 03 FE 03 00 71 03 FE 03 00 71
03 FE 03 00 71 03 FE 03 00 71 03 FE 03 00 71 03
FE 03 00 71 03 FE 03 00 71 03 FE 03 00 71 03 FE
03 00 71 03 FE 03 00 71 03 FE 03 00 71 03 FE 03
00 71 03 FE 03 00 71 03 FE 03 00 71 03 FE 03 00
71 03 FE 03 00 71 03 FE 03 00 71 03 FE 03 00 71
03 FE 03 00 71 03 FE 03 00 71 03 FE 03 00 71 03
FE 03 00 71 03 FE 03 00 71 03 FE 03 00 71 03 FE
03 00 71 03 FE 03 00 71 03 FE 03 00 71 03 FE 03
00 71 03 FE 03 00 71 03 FE 03 00 71 03 FE 03 00
71 03 FE 03 00 71 03 FE 03 00 71 03 FE 03 00 71
03 FE 03 00 71 03 FE 03 00 71 03 FE 03 00 71 03
FE 03 00 71 03 FE 03 00 71 03 FE 03 00 71 03 FE
03 00 71 03 FE 03 00 71 03 FE 03 00 71 03 FE 03
00 71 03 FE 03 00 71 03 FE 03 00 71 03 FE 03 00
71 03 FE 03 00 71 03 FE 03 00 71 03 FE 03 00 71
03 FE 03 00 71 03 FE 03 00 71 03 FE 03 00 71 03
FE 03 00 71 03 FE 03 00 71 03 FE 03 00 71 03 FE
03 00 71 03 FE 03 00 71 03 FE 03 00 71 03 FE 03
00 71 03 FE 03 00 71 03 FE 03 00 71 03 FE 03 00
71 03 FE 03 00 71 03 FE 03 00 71 03 FE 03 00 71
03 FE 03 00 71 03 FE 03 00 71 03 FE 03 00 71 03
FE 03 00 71 03 FE 03 00 71 03 FE 03 00 71 03 FE
03 00 71 03 FE 03 00 71 03 FE 03 00 71 03 FE 03
00 71 03 FE 03 00 71 03 FE 03 00 71 03 FE 03 00
71 03 FE 03 00 71 03 FE 03 00 71 03 FE 03 00 71
03 FE 03 00 71 03 FE 03 00 71 03 FE 03 00 71 03
FE 03 00 71 03 FE 03 00 71 03 FE 03 00 71 03 FE
03 00 71 03 FE 03 00 71 03 FE 03 00 71 03 FE 03
00 71 03 FE 03 00 71 03 FE 03 00 71 03 FE 03 00
71 03 FE 03 00 71 03 FE 03 00 71 03 FE 03 00 71
03 FE 03 00 71 03 FE 03 00 71 03 FE 03 00 71 03
FE 03 00 71 03 FE 03 00 71 03 FE 03 00 71 03 FE
03 00 71 03 FE 03 00 71 03 FE 03 00 71 03 FE 03
00 71 03 FE 03 00 71 03 FE 03 00 71 03 FE 03 00
71 03 FE 03 00 71 03 FE 03 00 71 03 FE 03 00 71
03 FE 03 00 71 03 FE 03 00 71 03 FE 03 00 71 03
FE 03 00 71 03 FE 03 00 71 03 FE 03 00 71 03 FE
03 00 71 03 FE 03 00 71 03 FE 03 00 71 03 FE 03
00 71 03 FE 03 00 71 03 FE 03 00 71 03 FE 03 00
71 03 FE 03 00 71 03 FE 03 00 71 03 FE 03 00 71
03 FE 03 00 71 03 FE 03 00 71 03 FE 03 00 71 03
FE 03 00 71 03 FE 03 00 71 03 FE 03 00 71 03 FE
03 00 71 03 FE 03 00 71 03 FE 03 00 71 03 FE 03
00 71 03 FE 03 00 71 03 FE 03 00 71 03 FE 03 00
71 03 FE 03 00 71 03 FE 03 00 71 03 FE 03 00 71
03 FE 03 00 71 03 FE 03 00 71 03 FE 03 00 71 03
FE 03 00 71 03 FE 03 00 71 03 FE 03 00 71 03 FE
03 00 71 03 FE 03 00 71 03 FE 03 00 71 03 FE 03
00 71 03 FE 03 00 71 03 FE 03 00 71 03 FE 03 00
71 03 FE 03 00 71 03 FE 03 00 71 03 FE 03 00 71
03 FE 03 00 71 03 FE 03 00 71 03 FE 03 00 71 03
FE 03 00 71 03 FE 03 00 71 03 FE 03 00 71 03 FE
03 00 71 03 FE 03 00 71 03 FE 03 00 71 03 FE 03
00 71 03 FE 03 00 71 03 FE 03 00 71 03 FE 03 00
71 03 FE 03 00 71 03 FE 03 00 71 03 FE 03 00 71
03 FE 03 00 71 03 FE 03 00 71 03 FE 03 00 71 03
FE 03 00 71 03 FE 03 00 71 03 FE 03 00 71 03 FE
03 00 71 03 FE 03 00 71 03 FE 03 00 71 03 FE 03
00 71 03 FE 03 00 71 03 FE 03 00 71 03 FE 03 00
71 03 FE 03 00 71 03 FE 03 00 71 03 FE 03 00 71
03 FE 03 00 71 03 FE 03 00 71 03 FE 03 00 71 03
FE 03 00 71 03 FE 03 00 71 03 FE 03 00 71 03 FE
03 00 71 03 FE 03 00 71 03 FE 03 00 71 03 FE 03
00 71 03 FE 03 00 71 03 FE 03 00 71 03 FE 03 00
71 03 FE 03 00 71 03 FE 03 00 71 03 FE 03 00 71
03 FE 03 00 71 03 FE 03 00 71 03 FE 03 00 71 03
FE 03 00 71 03 FE 03 00 71 03 FE 03 00 71 03 FE
03 00 71 03 FE 03 00 71 03 FE 03 00 71 03 FE 03
00 71 03 FE 03 00 71 03 FE 03 00 71 03 FE 03 00
71 03 FE 03 00 71 03 FE 03 00 71 03 FE 03 00 71
03 FE 03 00 71 03 FE 03 00 71 03 FE 03 00 71 03
FE 03 00 71 03 FE 03 00 71 03 FE 03 00 71 03 FE
03 00 71 03 FE 03 00 71 03 FE 03 00 71 03 FE 03
00 71 03 FE 03 00 71 03 FE 03 00 71 03 FE 03 00
71 03 FE 03 00 71 03 FE 03 00 71 03 FE 03 00 71
03 FE 03 00 71 03 FE 03 00 71 03 FE 03 00 71 03
FE 03 00 71 03 FE 03 00 71 03 FE 03 00 71 03 FE
03 00 71 03 FE 03 00 71 03 FE 03 00 71 03 FE 03
00 71 03 FE 03 00 71 03 FE 03 00 71 03 FE 03 00
71 03 FE 03 00 71 03 FE 03 00 71 03 FE 03 00 71
03 FE 03 00 71 03 FE 03 00 71 03 FE 03 00 71 03
FE 03 00 71 03 FE 03 00 71 03 FE 03 00 71 03 FE
03 00 71 03 FE 03 00 71 03 FE 03 00 71 03 FE 03
00 71 03 FE 03 00 71 03 FE 03 00 71 03 FE 03 00
71 03 FE 03 00 71 03 FE 03 00 71 03 FE 03 00 71
03 FE 03 00 71 03 FE 03 00 71 03 FE 03 00 71 03
FE 03 00 71 03 FE 03 00 71 03 FE 03 00 71 03 FE
03 00 71 03 FE 03 00 71 03 FE 03 00 71 03 FE 03
00 71 03 FE 03 00 71 03 FE 03 00 71 03 FE 03 00
71 03 FE 03 00 71 03 FE 03 00 71 03 FE 03 00 71
03 FE 03 00 71 03 FE 03 00 71 03 FE 03 00 71 03
FE 03 00 71 03 FE 03 00 71 03 FE 03 00 71 03 FE
03 00 71 03 FE 03 00 71 03 FE 03 00 71 03 FE 03
00 71 03 FE 03 00 71 03 FE 03 00 71 03 FE 03 00
71 03 FE 03 00 71 03 FE 03 00 71 03 FE 03 00 71
03 FE 03 00 71 03 FE 03 00 71 03 FE 03 00 71 03
FE 03 00 71 03 FE 03 00 71 03 FE 03 00 71 03 FE
03 00 71 03 FE 03 00 71 03 FE 03 00 71 03 FE 03
00 71 03 FE 03 00 71 03 FE 03 00 71 03 FE 03 00
71 03 FE 03 00 71 03 FE 03 00 71 03 FE 03 00 71
03 FE 03 00 71 03 FE 03 00 71 03 FE 03 00 71 03
FE 03 00 71 03 FE 03 00 71 03 FE 03 00 71 03 FE
03 00 