Generation g_p_razresh... 
Generation g_p_razresh... 
Generation g_p_razresh... 

-------------------------Generation g_p_ciklovogo...-------------------- 
47 1f fe  0  0  0  0  0  0  0  0 26  0  0  0  0  0 b8  0  0  0  0  0  0  0  0  0  0  0  0  0  0 47 1f fe  1  0  0 e6  0  0  0 b2 56  0  0  0  0  0  2  0  0  0  0  0  0  0  0  0  0  0  8  0  0  0  0  0  0  0  0  0  0  0  0  0  0  0  0  0  0  0  0  0  0  0  0  0  0  0  0  0  0  0  0  0  0  0  0  0  0  0  0  0  0  0  0  0  0  0  0  0  0  0  0  0  0  0  0  0  0  0  0  0  0  0  0  0  0  0  0  0  0  0  0  0  0  0  0  0  0  0  0  0  0  0  0  0  0  0  0  0  0  0  0  0  0  0  0  0  0  0  0  0  0  0  0  0  0  0  0  0  0  0  0  0  0  0  0  0  0  0  0  0  0  0  0  0  0  0  0  0  0  0  0  0  0  0  0  0  0  0 f7 ff  0  0  0  0  0  0  0  0  0  0  0  0  0  0  0  0  0  0  0  0  0  0  0  0  0  0  0  0  0  0  0  0  0 kolvo_stvolov=01 
kolvo_abonentov=03
Generation g_p_razresh... 
Generation g_p_kluch...
 Generation g_p_razresh... 
Generation g_p_razresh... 
N_sec=122 ...

-------------------------Generation g_p_ciklovogo...-------------------- 
47 1f fe  0  0  0  0  0  0  0  0 26  0  0  0  0  0 b8  0  0  0  0  0  0  0  0  0  0  0  0  0  0 47 1f fe  2  0  0 e6  0  0  0 b2 56  0  0  0  0  0  2  0  0  0  0  0  0  0  0  0  0  0  8  0  0  0  0  0  0  0  0  0  0  0  0  0  0  0  0  0  0  0  0  0  0  0  0  0  0  0  0  0  0  0  0  0  0  0  0  0  0  0  0  0  0  0  0  0  0  0  0  0  0  0  0  0  0  0  0  0  0  0  0  0  0  0  0  0  0  0  0  0  0  0  0  0  0  0  0  0  0  0  0  0  0  0  0  0  0  0  0  0  0  0  0  0  0  0  0  0  0  0  0  0  0  0  0  0  0  0  0  0  0  0  0  0  0  0  0  0  0  0  0  0  0  0  0  0  0  0  0  0  0  0  0  0  0  0  0  0  0  0 f7 ff  0  0  0  0  0  0  0  0  0  0  0  0  0  0  0  0  0  0  0  0  0  0  0  0  0  0  0  0  0  0  0  0  0 Generation g_p_koderu... 
Generation g_p_flagov... 
N_sec=122 ...

-------------------------Generation g_p_ciklovogo...-------------------- 
47 1f fe  0  0  0  0  0  0  0  0 26  0  0  0  0  0 b8  0  0  0  0  0  0  0  0  0  0  0  0  0  0 47 1f fe  0  0  0  0 e6  0  0 b2 56  0  0  0  0  0  2  0  0  0  0  0  0  0  0  0  0  0  8  0  0  0  0  0  0  0  0  0  0  0  0  0  0  0  0  0  0  0  0  0  0  0  0  0  0  0  0  0  0  0  0  0  0  0  0  0  0  0  0  0  0  0  0  0  0  0  0  0  0  0  0  0  0  0  0  0  0  0  0  0  0  0  0  0  0  0  0  0  0  0  0  0  0  0  0  0  0  0  0  0  0  0  0  0  0  0  0  0  0  0  0  0  0  0  0  0  0  0  0  0  0  0  0  0  0  0  0  0  0  0  0  0  0  0  0  0  0  0  0  0  0  0  0  0  0  0  0  0  0  0  0  0  0  0  0  0  0  0 f7 ff  0  0  0  0  0  0  0  0  0  0  0  0  0  0  0  0  0  0  0  0  0  0  0  0  0  0  0  0  0  0  0  0  0 kolvo_stvolov=01 
kolvo_abonentov=03
Generation g_p_razresh... 
Generation g_p_razresh... 
Generation g_p_razresh... 
